1951   1   -1.31
1951   2   -1.10
1951   3   -0.34
1951   4   -0.22
1951   5    0.03
1951   6   -0.22
1951   7    0.27
1951   8    0.11
1951   9    0.41
1951  10    0.29
1951  11    0.35
1951  12    0.17
1952   1    0.05
1952   2   -0.01
1952   3   -0.00
1952   4    0.17
1952   5    0.20
1952   6   -0.25
1952   7   -0.38
1952   8   -0.48
1952   9   -0.34
1952  10   -0.27
1952  11   -0.38
1952  12   -0.16
1953   1    0.24
1953   2    0.37
1953   3    0.28
1953   4    0.37
1953   5    0.38
1953   6    0.45
1953   7    0.30
1953   8    0.17
1953   9    0.25
1953  10    0.32
1953  11    0.23
1953  12    0.36
1954   1    0.28
1954   2    0.24
1954   3   -0.32
1954   4   -0.95
1954   5   -0.84
1954   6   -0.69
1954   7   -0.87
1954   8   -1.22
1954   9   -1.35
1954  10   -1.14
1954  11   -0.83
1954  12   -1.02
1955   1   -0.83
1955   2   -0.96
1955   3   -0.95
1955   4   -1.14
1955   5   -0.99
1955   6   -0.90
1955   7   -0.87
1955   8   -1.08
1955   9   -1.24
1955  10   -2.14
1955  11   -2.26
1955  12   -1.92
1956   1   -1.02
1956   2   -0.76
1956   3   -0.74
1956   4   -1.02
1956   5   -0.61
1956   6   -0.65
1956   7   -0.80
1956   8   -1.03
1956   9   -0.88
1956  10   -0.95
1956  11   -0.97
1956  12   -0.81
1957   1   -0.62
1957   2   -0.35
1957   3    0.07
1957   4    0.30
1957   5    0.46
1957   6    0.55
1957   7    0.83
1957   8    0.75
1957   9    0.56
1957  10    0.56
1957  11    0.96
1957  12    1.15
1958   1    1.52
1958   2    1.37
1958   3    0.85
1958   4    0.42
1958   5    0.37
1958   6    0.43
1958   7    0.06
1958   8   -0.11
1958   9   -0.23
1958  10   -0.04
1958  11    0.27
1958  12    0.13
1959   1    0.34
1959   2    0.34
1959   3    0.08
1959   4    0.01
1959   5   -0.22
1959   6   -0.38
1959   7   -0.75
1959   8   -0.69
1959   9   -0.77
1959  10   -0.52
1959  11   -0.56
1959  12   -0.42
1960   1   -0.39
1960   2   -0.48
1960   3   -0.41
1960   4   -0.23
1960   5   -0.30
1960   6   -0.52
1960   7   -0.45
1960   8   -0.18
1960   9   -0.39
1960  10   -0.52
1960  11   -0.34
1960  12   -0.45
1961   1   -0.36
1961   2   -0.37
1961   3   -0.46
1961   4   -0.49
1961   5   -0.24
1961   6   -0.01
1961   7   -0.23
1961   8   -0.67
1961   9   -0.91
1961  10   -0.96
1961  11   -0.63
1961  12   -0.58
1962   1   -0.56
1962   2   -0.60
1962   3   -0.55
1962   4   -0.63
1962   5   -0.76
1962   6   -0.54
1962   7   -0.44
1962   8   -0.56
1962   9   -0.86
1962  10   -0.72
1962  11   -0.91
1962  12   -0.90
1963   1   -0.77
1963   2   -0.57
1963   3   -0.21
1963   4   -0.09
1963   5   -0.37
1963   6   -0.11
1963   7    0.48
1963   8    0.52
1963   9    0.57
1963  10    0.63
1963  11    0.65
1963  12    0.84
1964   1    0.62
1964   2    0.33
1964   3   -0.31
1964   4   -0.79
1964   5   -0.95
1964   6   -1.06
1964   7   -1.02
1964   8   -1.23
1964   9   -1.36
1964  10   -1.29
1964  11   -1.34
1964  12   -1.31
1965   1   -0.93
1965   2   -0.55
1965   3   -0.38
1965   4   -0.36
1965   5    0.01
1965   6    0.37
1965   7    0.63
1965   8    0.92
1965   9    1.05
1965  10    1.31
1965  11    1.29
1965  12    1.17
1966   1    0.95
1966   2    0.65
1966   3    0.74
1966   4    0.29
1966   5   -0.30
1966   6    0.02
1966   7   -0.04
1966   8   -0.39
1966   9   -0.43
1966  10   -0.42
1966  11   -0.39
1966  12   -0.56
1967   1   -0.66
1967   2   -0.66
1967   3   -0.85
1967   4   -1.01
1967   5   -0.53
1967   6   -0.16
1967   7   -0.30
1967   8   -0.47
1967   9   -0.90
1967  10   -0.75
1967  11   -0.62
1967  12   -0.74
1968   1   -0.98
1968   2   -1.18
1968   3   -1.09
1968   4   -0.77
1968   5   -0.65
1968   6    0.18
1968   7    0.25
1968   8    0.02
1968   9   -0.12
1968  10   -0.10
1968  11    0.42
1968  12    0.48
1969   1    0.69
1969   2    0.88
1969   3    0.51
1969   4    0.35
1969   5    0.35
1969   6    0.17
1969   7   -0.05
1969   8    0.20
1969   9    0.36
1969  10    0.57
1969  11    0.43
1969  12    0.43
1970   1    0.28
1970   2    0.24
1970   3    0.02
1970   4    0.04
1970   5   -0.19
1970   6   -0.57
1970   7   -0.91
1970   8   -1.27
1970   9   -1.16
1970  10   -1.22
1970  11   -1.16
1970  12   -1.35
1971   1   -1.75
1971   2   -1.54
1971   3   -1.32
1971   4   -1.16
1971   5   -0.91
1971   6   -1.07
1971   7   -1.00
1971   8   -0.99
1971   9   -1.03
1971  10   -1.16
1971  11   -0.97
1971  12   -1.21
1972   1   -0.94
1972   2   -0.54
1972   3   -0.23
1972   4    0.04
1972   5    0.32
1972   6    0.49
1972   7    0.84
1972   8    1.02
1972   9    1.11
1972  10    1.52
1972  11    1.80
1972  12    1.83
1973   1    1.49
1973   2    1.04
1973   3    0.34
1973   4   -0.31
1973   5   -0.80
1973   6   -0.95
1973   7   -1.32
1973   8   -1.44
1973   9   -1.67
1973  10   -1.94
1973  11   -2.26
1973  12   -2.16
1974   1   -2.00
1974   2   -1.66
1974   3   -1.42
1974   4   -1.21
1974   5   -1.18
1974   6   -1.09
1974   7   -0.83
1974   8   -0.55
1974   9   -0.62
1974  10   -0.91
1974  11   -1.00
1974  12   -0.91
1975   1   -0.50
1975   2   -0.71
1975   3   -0.97
1975   4   -0.83
1975   5   -0.90
1975   6   -1.25
1975   7   -1.16
1975   8   -1.42
1975   9   -1.63
1975  10   -1.77
1975  11   -1.58
1975  12   -1.85
1976   1   -1.93
1976   2   -1.31
1976   3   -0.78
1976   4   -0.78
1976   5   -0.62
1976   6   -0.36
1976   7   -0.15
1976   8   -0.00
1976   9    0.16
1976  10    0.67
1976  11    0.61
1976  12    0.54
1977   1    0.66
1977   2    0.34
1977   3    0.20
1977   4   -0.21
1977   5   -0.01
1977   6    0.20
1977   7    0.20
1977   8   -0.05
1977   9    0.21
1977  10    0.49
1977  11    0.51
1977  12    0.64
1978   1    0.53
1978   2    0.26
1978   3   -0.17
1978   4   -0.64
1978   5   -0.55
1978   6   -0.57
1978   7   -0.54
1978   8   -0.79
1978   9   -0.75
1978  10   -0.53
1978  11   -0.35
1978  12   -0.15
1979   1   -0.23
1979   2   -0.28
1979   3    0.05
1979   4    0.08
1979   5   -0.08
1979   6   -0.13
1979   7   -0.25
1979   8   -0.11
1979   9    0.27
1979  10    0.09
1979  11    0.33
1979  12    0.46
1980   1    0.44
1980   2    0.22
1980   3    0.02
1980   4    0.01
1980   5    0.19
1980   6    0.32
1980   7    0.16
1980   8   -0.22
1980   9   -0.24
1980  10   -0.26
1980  11   -0.09
1980  12    0.09
1981   1   -0.32
1981   2   -0.60
1981   3   -0.56
1981   4   -0.43
1981   5   -0.44
1981   6   -0.31
1981   7   -0.52
1981   8   -0.51
1981   9   -0.30
1981  10   -0.30
1981  11   -0.33
1981  12   -0.16
1982   1    0.13
1982   2   -0.19
1982   3    0.16
1982   4    0.28
1982   5    0.50
1982   6    0.60
1982   7    0.45
1982   8    0.71
1982   9    1.36
1982  10    1.84
1982  11    1.91
1982  12    2.14
1983   1    2.11
1983   2    1.80
1983   3    1.36
1983   4    0.98
1983   5    0.93
1983   6    0.60
1983   7   -0.06
1983   8   -0.20
1983   9   -0.45
1983  10   -0.94
1983  11   -1.03
1983  12   -0.85
1984   1   -0.63
1984   2   -0.16
1984   3   -0.38
1984   4   -0.54
1984   5   -0.54
1984   6   -0.66
1984   7   -0.35
1984   8   -0.28
1984   9   -0.41
1984  10   -0.65
1984  11   -1.14
1984  12   -1.27
1985   1   -1.04
1985   2   -0.65
1985   3   -0.71
1985   4   -1.00
1985   5   -0.85
1985   6   -0.76
1985   7   -0.51
1985   8   -0.51
1985   9   -0.69
1985  10   -0.44
1985  11   -0.29
1985  12   -0.35
1986   1   -0.59
1986   2   -0.63
1986   3   -0.34
1986   4   -0.22
1986   5   -0.32
1986   6   -0.16
1986   7   -0.04
1986   8    0.26
1986   9    0.50
1986  10    0.73
1986  11    0.88
1986  12    0.96
1987   1    1.03
1987   2    1.09
1987   3    1.11
1987   4    0.82
1987   5    0.64
1987   6    0.88
1987   7    1.23
1987   8    1.46
1987   9    1.51
1987  10    1.24
1987  11    1.09
1987  12    0.90
1988   1    0.79
1988   2    0.23
1988   3    0.04
1988   4   -0.31
1988   5   -1.00
1988   6   -1.45
1988   7   -1.56
1988   8   -1.23
1988   9   -1.07
1988  10   -1.82
1988  11   -1.93
1988  12   -1.84
1989   1   -1.90
1989   2   -1.45
1989   3   -1.16
1989   4   -1.05
1989   5   -0.77
1989   6   -0.52
1989   7   -0.45
1989   8   -0.49
1989   9   -0.37
1989  10   -0.42
1989  11   -0.46
1989  12   -0.12
1990   1   -0.03
1990   2    0.13
1990   3    0.01
1990   4    0.04
1990   5    0.09
1990   6   -0.01
1990   7    0.20
1990   8    0.16
1990   9    0.16
1990  10    0.25
1990  11    0.11
1990  12    0.31
1991   1    0.41
1991   2    0.30
1991   3    0.08
1991   4    0.29
1991   5    0.33
1991   6    0.54
1991   7    0.78
1991   8    0.76
1991   9    0.48
1991  10    0.88
1991  11    1.20
1991  12    1.56
1992   1    1.69
1992   2    1.64
1992   3    1.29
1992   4    1.19
1992   5    1.04
1992   6    0.78
1992   7    0.46
1992   8    0.14
1992   9   -0.01
1992  10   -0.16
1992  11   -0.10
1992  12    0.03
1993   1    0.16
1993   2    0.36
1993   3    0.42
1993   4    0.77
1993   5    0.91
1993   6    0.55
1993   7    0.28
1993   8    0.07
1993   9    0.32
1993  10    0.20
1993  11    0.12
1993  12    0.21
1994   1    0.15
1994   2    0.12
1994   3    0.13
1994   4    0.32
1994   5    0.40
1994   6    0.35
1994   7    0.33
1994   8    0.48
1994   9    0.26
1994  10    0.61
1994  11    1.09
1994  12    1.22
1995   1    0.97
1995   2    0.70
1995   3    0.44
1995   4    0.32
1995   5    0.04
1995   6    0.04
1995   7   -0.10
1995   8   -0.46
1995   9   -0.76
1995  10   -0.87
1995  11   -0.98
1995  12   -0.90
1996   1   -0.84
1996   2   -0.81
1996   3   -0.60
1996   4   -0.33
1996   5   -0.21
1996   6   -0.18
1996   7   -0.21
1996   8   -0.17
1996   9   -0.38
1996  10   -0.35
1996  11   -0.36
1996  12   -0.57
1997   1   -0.55
1997   2   -0.39
1997   3   -0.33
1997   4    0.17
1997   5    0.56
1997   6    1.09
1997   7    1.44
1997   8    1.74
1997   9    1.98
1997  10    2.25
1997  11    2.33
1997  12    2.24
1998   1    2.22
1998   2    1.90
1998   3    1.32
1998   4    0.87
1998   5    0.67
1998   6   -0.16
1998   7   -0.76
1998   8   -1.14
1998   9   -1.15
1998  10   -1.28
1998  11   -1.21
1998  12   -1.52
1999   1   -1.58
1999   2   -1.24
1999   3   -0.85
1999   4   -0.88
1999   5   -0.91
1999   6   -1.03
1999   7   -0.95
1999   8   -1.11
1999   9   -1.00
1999  10   -1.13
1999  11   -1.43
1999  12   -1.60
2000   1   -1.71
2000   2   -1.45
2000   3   -1.01
2000   4   -0.83
2000   5   -0.74
2000   6   -0.66
2000   7   -0.56
2000   8   -0.54
2000   9   -0.53
2000  10   -0.75
2000  11   -0.76
2000  12   -0.84
2001   1   -0.73
2001   2   -0.57
2001   3   -0.40
2001   4   -0.38
2001   5   -0.21
2001   6   -0.07
2001   7    0.07
2001   8   -0.08
2001   9   -0.16
2001  10   -0.13
2001  11   -0.27
2001  12   -0.44
2002   1   -0.16
2002   2   -0.03
2002   3    0.04
2002   4    0.13
2002   5    0.39
2002   6    0.77
2002   7    0.79
2002   8    0.86
2002   9    0.99
2002  10    1.18
2002  11    1.37
2002  12    1.29
2003   1    0.73
2003   2    0.67
2003   3    0.43
2003   4   -0.01
2003   5   -0.39
2003   6   -0.08
2003   7    0.26
2003   8    0.22
2003   9    0.23
2003  10    0.43
2003  11    0.42
2003  12    0.38
2004   1    0.24
2004   2    0.19
2004   3    0.09
2004   4    0.15
2004   5    0.17
2004   6    0.20
2004   7    0.59
2004   8    0.74
2004   9    0.78
2004  10    0.74
2004  11    0.71
2004  12    0.74
2005   1    0.68
2005   2    0.45
2005   3    0.53
2005   4    0.39
2005   5    0.45
2005   6    0.24
2005   7   -0.09
2005   8    0.06
2005   9    0.03
2005  10   -0.02
2005  11   -0.43
2005  12   -0.71
2006   1   -0.80
2006   2   -0.56
2006   3   -0.53
2006   4   -0.17
2006   5   -0.00
2006   6    0.12
2006   7    0.11
2006   8    0.34
2006   9    0.58
2006  10    0.70
2006  11    1.01
2006  12    1.09
2007   1    0.73
2007   2    0.21
2007   3    0.01
2007   4   -0.15
2007   5   -0.25
2007   6   -0.15
2007   7   -0.31
2007   8   -0.51
2007   9   -0.86
2007  10   -1.09
2007  11   -1.19
2007  12   -1.24
2008   1   -1.50
2008   2   -1.47
2008   3   -1.09
2008   4   -0.86
2008   5   -0.71
2008   6   -0.53
2008   7   -0.26
2008   8   -0.16
2008   9   -0.24
2008  10   -0.29
2008  11   -0.36
2008  12   -0.75
2009   1   -0.91
2009   2   -0.70
2009   3   -0.40
2009   4   -0.07
2009   5    0.20
2009   6    0.42
2009   7    0.55
2009   8    0.55
2009   9    0.63
2009  10    0.93
2009  11    1.34
2009  12    1.43
2010   1    1.26
2010   2    1.12
2010   3    0.89
2010   4    0.51
2010   5    0.01
2010   6   -0.45
2010   7   -0.79
2010   8   -1.16
2010   9   -1.42
2010  10   -1.37
2010  11   -1.32
2010  12   -1.35
2011   1   -1.47
2011   2   -1.06
2011   3   -0.77
2011   4   -0.56
2011   5   -0.34
2011   6   -0.13
2011   7   -0.20
2011   8   -0.52
2011   9   -0.80
2011  10   -0.86
2011  11   -0.91
2011  12   -0.85
2012   1   -0.77
2012   2   -0.60
2012   3   -0.44
2012   4   -0.44
2012   5   -0.32
2012   6   -0.10
2012   7    0.15
2012   8    0.29
2012   9    0.50
2012  10    0.45
2012  11    0.33
2012  12   -0.27
2013   1   -0.56
2013   2   -0.49
2013   3   -0.40
2013   4   -0.15
2013   5   -0.13
2013   6   -0.24
2013   7   -0.21
2013   8   -0.17
2013   9   -0.17
2013  10   -0.16
2013  11   -0.15
2013  12   -0.20
2014   1   -0.59
2014   2   -0.72
2014   3   -0.47
2014   4   -0.13
2014   5    0.05
2014   6   -0.05
2014   7   -0.03
2014   8   -0.06
2014   9    0.15
2014  10    0.42
2014  11    0.74
2014  12    0.67
2015   1    0.50
2015   2    0.36
2015   3    0.41
2015   4    0.73
2015   5    0.86
2015   6    0.97
2015   7    1.19
2015   8    1.51
2015   9    1.75
2015  10    2.04
2015  11    2.37
2015  12    2.32
2016   1    2.24
2016   2    2.01
2016   3    1.49
2016   4    1.11
2016   5    0.62
2016   6    0.07
2016   7   -0.33
2016   8   -0.58
2016   9   -0.68
2016  10   -0.80
2016  11   -0.82
2016  12   -0.65
